Название блюда;Белки;Жиры;Углеводы;Ккал
Азу;11,9;14,2;10,2;214
Бефстроганов из говядины;16,7;11,3;5,9;193
Бифштекс;27,8;29,6;1,7;384
Блины;6,1;12,3;26;233
Борщ украинский;1,1;2,2;6,7;49
Буженина вареная;16,4;18,3;1;233
Вареники с картофелем;4,4;3,7;18,5;125
Говяжий гуляш;14;9,2;2,6;148
Запеканка творожная;17,6;4,2;14,2;168
Зразы картофельные с капустой;3,3;3,9;15;108
Клецки;5;4,8;25,8;160
Котлеты из курицы;18,2;10,4;13,8;222
Куриное филе вареное;30,4;3,5;0;153
Куриные бедра;21,3;11;0,1;185
Лагман;4,3;8,9;13,3;158
Макароны вареные с жиром;3,4;5;19;135
Овощное рагу (4 сезона);0,5;0,1;3,8;38
Окрошка мясная с квасом;2,1;1,7;6,3;52
Пельмени;11,9;12,4;29;275
Плов с бараниной (4 сезона);4,2;6;14,9;150
Рассольник;1,4;2;5;42
Салат крабовый;9,2;7,4;5,9;128
Салат Мимоза;5,7;14,8;7,2;183
Салат Цезарь;15;10;9;190
Самса с курицей;11;24;17;325
Свекольник;0,5;2;4,2;36
Свинина тушеная;9,8;20,3;3,2;235
Солянка домашняя;3,5;3,5;4,3;64
Суп гороховый;4,4;2,4;8,9;66
Суп молочный с макаронами;2,2;1,9;7,9;58
Суп харчо с мясом;3,1;4,5;5,5;75
Сырник творожный;18,6;3,6;18,2;183
Тефтели свиные;7;10;12;172
Уха;3,4;1;5,5;46
Чахохбили с фасолью (4 сезона);6,2;5,5;3,4;87
Щи из свежей капусты с картофелем;1;3,8;2,1;38
Эскалоп;19;42,8;6,8;487
Брынза (сыр из коровьего молока);17,9;20,1;0,0;260
Кефир 1% нежирный;2,8;1;4;40
Молоко сгущенное без сахара;6,6;7,5;9,4;131
Молоко сгущённое с сахаром;7,2;8,5;56;320
Молоко сухое цельное;26;25;37,5;476
Сливки 10% (нежирные);3;10;4;118
Сливки 20% (средней жирности);2,8;20;3,7;205
Сметана 10% (нежирная);3;10;2,9;115
Сметана 20% (средней жирности);2,8;20;3,2;206
Сыр голландский;26;26,8;0,0;352
Сыр плавленый;16,8;11,2;23,8;257
Сыр пошехонский;26;26,5;0,0;350
Сыр российский;24,1;29,5;0,3;363
Сыр швейцарский;24,9;31,8;0,0;396
Творожная масса;7,1;23;27,5;341
Творог обезжиренный;16,5;0,0;1,3;71
Творог 5% нежирный ;17,2;5;1,8;121
Творог 9% полужирный;16,7;9;2;159
Баранки;16;1;0,0;366
Мука пшеничная 1-го сорта;10,6;1,3;67,6;331
Мука пшеничная 2-го сорта;11,7;1,8;63,7;324
Мука ржаная сеяная;6,9;1,4;67,3;304
Сухари к чаю;10;2,3;73,8;397
Сушки маковые;11,3;4,4;70,5;372
Хлеб пшеничный;8,1;1;48,8;242
Хлеб ржаной;13;3;40;250
Батон нарезной;7,5;2,9;50,9;264
Батон подмосковный;7,5;2,6;50,6;261
Жир кондитерский ;0,0;99,8;0,0;897
Майонез провансаль;3,1;67;2,6;624
Маргарин столовый 40%;0,0;40;0,0;360
Маргарин молочный;0,3;82;1;743
Масло растительное;0,0;99;0,0;899
Масло тсливочное 82%;0,7;82;0,7;740
Масло пальмовое;0,0;99,9;0,0;899
Геркулес;12,5;6,2;61;352
Гречневая крупа (продел);9,5;2,3;65,9;306
Гречневая крупа ядрица (гречка);12,6;3,3;62,1;313
Кукурузная крупа;8,3;1,2;75;337
Манная крупа;10,3;1;67,4;328
Овсяная крупа;12,3;6,1;59,5;342
Перловая крупа;9,3;1,1;73,7;320
Пшеничная крупа;11,5;1,3;62;316
Пшенная крупа;11,5;3,3;69,3;348
Рис белый;6,7;0,7;78,9;344
Толокно;12,5;6;64,9;363
Ячневая;10,4;1,3;66,3;324
Баклажан;1,2;0,1;4,5;24
Брюква;1,2;0,1;7,7;37
Горошек зеленый;5;0,2;13,8;73
Зеленая фасоль;4;0,0;4,3;32
Кабачки;0,6;0,3;4,6;24
Капуста белокочанная;1,8;0,1;4,7;27
Капуста краснокочанная;1,8;0,0;7,6;24
Капуста цветная;2,5;0,3;5,4;30
Картофель;2;0,4;16,1;76
Лук зеленый (перо);1,3;0,0;4,6;19
Лук порей;2;0,0;8,2;33
Лук репчатый;1,4;0,0;10,4;47
Морковь;1,3;0,1;6,9;32
Огурцы грунтовые;0,8;0,1;2,8;15
Огурцы парниковые;0,7;0,0;1,8;10
Перец жёлтый сладкий;1,3;0,0;5,3;27
Перец зеленый сладкий;1,3;0,0;6,9;33
Перец красный сладкий;1,3;0,0;5,3;27
Петрушка (зелень);3,7;0,0;8,1;45
Петрушка (корень);1,5;0,0;11;47
Ревень (черешковый);0,7;0,0;2,9;16
Редис;1,2;0,1;3,4;19
Редька;1,9;0,0;7;34
Салат;1,5;0,0;2,2;14
Свекла;1,5;0,1;8,8;43
Томаты (помидоры);1,1;0,2;3,7;20
Черемша;2,4;0,1;6,5;34
Чеснок;6,5;0,5;29,9;143
Шпинат;2,9;0,3;2;22
Щавель;1,5;0,0;2,9;19
Абрикосы;0,9;0,0;9;44
Айва;0,6;0,0;9,8;40
Алыча;0,2;0,0;6,9;27
Ананас;0,4;0,0;10,6;49
Бананы;1,5;0,0;21,8;95
Вишня;0,8;0,0;11,3;49
Гранат;0,9;0,0;11,8;52
Груша;0,4;0,0;10,7;42
Инжир;0,7;0,0;13,9;56
Персики;0,9;0,0;10,4;44
Слива садовая;0,8;0,0;9,9;43
Финики;2,5;0,0;72,1;281
Хурма;0,5;0,0;15,9;62
Черешня;1,1;0,0;12,3;52
Яблоки;0,4;0,0;11,3;46
Апельсин;0,9;0,0;8,4;38
Грейпфрут;0,9;0,0;7,3;35
Лимон;0,9;0,0;3,6;31
Мандарин;0,8;0,0;8,6;38
Виноград;0,4;0,0;17,5;69
Ежевика;2;0,0;5,3;33
Земляника;1,8;0,0;8,1;41
Клюква;0,5;0,0;4,8;28
Крыжовник;0,7;0,0;9,9;44
Малина;0,8;0,0;9;41
Смородина белая;0,3;0,0;8,7;39
Смородина черная;1,0;0,0;8,0;40
Черника;1,1;0,0;8,6;40
Шиповник свежий;1,6;0,0;24;101
Шиповник сушеный;4,0;0,0;60;253
Урюк;5;0,0;67,5;278
Курага;5,2;0,0;65,9;272
Изюм с косточкой;1,8;0,0;70,9;276
Изюм кишмиш;2,3;0,0;71,2;279
Вишня;1,5;0,0;73;292
Груша;2,3;0,0;62,1;246
Персики;3,0;0,0;68,5;275
Чернослив;2,3;0,0;65,6;264
Яблоки;3,2;0,0;68;273
Бобы;6;0,1;8,3;58
Горох лущеный;23;1,6;57,7;323
Горох цельный;23;1,2;53,3;303
Соя;34,9;17,3;26,5;395
Фасоль;22,3;1,7;54,5;309
Чечевица;24,8;1,1;53,7;310
Белые свежие;3,2;0,7;1,6;25
Белые сушеные;27,6;6,8;10;209
Подберезовики свежие;2,3;0,9;3,7;31
Подосиновики свежие;3,3;0,5;3,4;31
Баранина;16,3;15,3;0,0;203
Говядина;18,9;12,4;0,0;187
Конина;20,2;7;0,0;143
Кролик;20,7;12,9;0,0;199
Свинина нежирная;16,4;27,8;0,0;316
Свинина жирная;11,4;49,3;0,0;489
Телятина;19,7;1,2;0,0;90
Говяжья Печень;17,4;3,1;0,0;98
Говяжьи Почки;12,5;1,8;0,0;66
Говяжье Вымя;12,3;13,7;0,0;173
Говяжье Сердце;15;3;0,0;87
Говяжий Язык;13,6;12,1;0,0;163
Почки свиные;13;3,1;0,0;80
Печень свиная;18,8;3,6;0,0;108
Сердце свиное;15,1;3,2;0,0;89
Язык свиной;14,2;16,8;0,0;208
Гуси;16,1;33,3;0,0;364
Индейка;21,6;12;0,8;197
Куры;20,8;8,8;0,6;165
Цыплята;18,7;7,8;0,4;156
Утки;16,5;61,2;0,0;346
Вареная колбаса Диабетическая;12,1;22,8;0,0;254
Вареная колбаса Диетическая;12,1;13,5;0,0;170
Вареная колбаса Докторская;13,7;22,8;0,0;260
Вареная колбаса Любительская;12,2;28;0,0;301
Вареная колбаса Молочная;11,7;22,8;0,0;252
Вареная колбаса Отдельная;10,1;20,1;1,8;228
Вареная колбаса Телячья;12,5;29,6;0,0;316
Сардельки Свиные;10,1;31,6;1,9;332
Сосиски Молочные;12,3;25,3;0,0;277
Сосиски Русские;12;19,1;0,0;220
Сосиски Свиные;11,8;30,8;0,0;324
Варено-копченая Любительская;17,3;39;0,0;420
Варено-копченая Сервелат;28,2;27,5;0,0;360
Полукопченая Краковская;16,2;44,6;0,0;466
Полукопченая Минская;23;17,4;2,7;259
Полукопченая Полтавская;16,4;39;0,0;417
Полукопченая Украинская;16,5;34,4;0,0;376
Сырокопченая Любительская;20,9;47,8;0,0;514
Сырокопченая Московская;24,8;41,5;0,0;473
Говядина тушеная;16,8;18,3;0,0;232
Свинина тушеная;14,9;32,2;0,0;349
Грудинка сырокопченая;7,6;66,8;0,0;632
Корейка сырокопченая;10,5;47,2;0,0;467
Ветчина;22,6;20,9;0,0;279
Яйцо куриное;12,7;10,9;0,7;157
Яичный порошок;45;37,3;7,1;542
Сухой белок;73,3;1,8;7;336
Сухой желток;34,2;52,2;4,4;623
Яйцо перепелиное;11,9;13,1;0,6;168
Горбуша;20,5;6,5;0,0;142
Камбала;16,5;1,8;0,0;83
Карась;17,7;1,8;0,0;112
Карп;16;5,6;0,0;96
Кета;22;5,6;0,0;138
Корюшка;15,4;4,5;0,0;102
Лещ;17,1;4,1;0,0;105
Семга;20,8;15,1;0,0;219
Макрурус;13,2;0,8;0,0;60
Минтай;15,9;0,7;0,0;70
Мойва;13,4;11,5;0,0;157
Навага;16,1;1;0,0;73
Налим;18,8;0,6;0,0;81
Окунь морской;17,6;5,2;0,0;117
Окунь речной;18,5;0,9;0,0;82
Осетр;16,4;10,9;0,0;164
Палтус;18,9;3;0,0;103
Путассу;16,1;0,9;0,0;72
Сазан;18,4;5,3;0,0;121
Сайра крупная;18,6;20,8;0,0;262
Сайра мелкая;20,4;0,8;0,0;143
Салака;17,3;5,6;0,0;121
Сельдь;17,7;19,5;0,0;242
Сиг;19;7,5;0,0;144
Скумбрия;18;9;0,0;153
Сом;16,8;8,5;0,0;144
Ставрида;18,5;5;0,0;119
Стерлядь;17;6,1;0,0;320
Судак;19;0,8;0,0;83
Треска;17,5;0,6;0,0;75
Тунец;22,7;0,7;0,0;96
Угольная рыба;13,2;11,6;0,0;158
Угорь морской;19,1;1,9;0,0;94
Угорь;14,5;30,5;0,0;333
Хек;16,6;2,2;0,0;86
Щука;18,4;0,8;0,0;82
Язь;18,2;1,0;0,0;81
Печень трески;4,2;65,7;0,0;613
Кальмар;18;0,3;0,0;75
Краб;16;0,5;0,0;69
Креветка;18;0,8;0,0;83
Морская капуста;0,8;0,2;3;5
Фундук;16,1;66,9;9,9;704
Миндаль;18,6;57,7;13,6;645
Грецкий орех;15,2;61,3;10,2;648
Арахис;26,3;45,2;9,7;548
Семя подсолнечника;20,7;52,9;5;578
Мед;0,8;0,0;80,3;308
Зефир;0,8;0,0;78,3;299
Мармелад;4,3;0,1;77,7;296
Карамель;0,0;0,1;77,7;296
Конфеты шоколадные;4,3;39,5;54,2;596
Пастила;0,5;0,0;80,4;305
Сахар-песок;0,0;0,0;99,5;374
Халва подсолнечная;11,6;29,7;54;516
Шоколад темный;6,9;35,3;52,6;540
Шоколад молочный;6,9;35,7;52,4;547
Вафли с фр-ми начинками;3,2;2,8;80,9;350
Вафли с жировыми начинками;3,4;30,2;64,7;539
Пирожное трубочка с кремом;1,7;25,2;50,9;454
Пирожное воздушное;3,1;16,3;68,5;419
Пряники;5,8;6,5;71,6;364
Торт ассорти;4,7;15;36;294
Торт Прага;4,6;26,5;65,1;517
Мука гречневая ;13,6;1,2;73,7;367
Мука кукурузная ;7,2;1,5;70,2;330
Мука пшеничная 1-го сорта ;10,6;1,3;67,6;331
Мука пшеничная 2-го сорта ;11,7;1,8;63,7;324
Мука пшеничная высшего сорта ;10,3;1,1;68,9;334
Мука пшеничная обойная ;11,5;2,2;56,8;298
Мука ржаная обдирная ;8,9;1,7;60,2;298
Мука ржаная обойная ;10,7;1,9;56,8;293
Мука рисовая (диетическая) ;7,4;0,6;82;371
Отруби пшеничные ;15,1;3,8;23,5;191
Булочки диетические с лецитином ;16,2;14,8;28,2;313
Лаваш ;9,1;1,1;56;277
Фокачча ;5,8;18,9;38,6;352
Хлеб белково-отрубевой ;23,5;3,4;11,3;216
Хлеб белый с кунжутом ;10;11,8;58,5;386
Хлеб белый хрустящий ;10;7,6;62,1;369
Хлеб бородинский ;6,8;1,3;40,7;207
Хлеб докторский ;8,2;2,6;46,6;247
Хлеб Здоровье ;7,9;1,8;37,9;203
Хлеб зерновой ;8,6;1,4;43,9;228
Хлеб пониженной калорийности ;7,9;1,8;37,9;203
Хлеб пшеничный из муки высшего сорта ;7,6;0,8;48,6;238
Хлеб пшеничный подовый ;8,3;1,3;48,1;227
Хлеб пшеничный формовой ;8,1;1,2;46,6;220
Хлеб ржаной бездрожжевой ;6,1;1,1;50;139,8
Хлеб ржаной московский ;7;1,3;37,2;195
Хлеб ржаной подовый ;6,1;1,2;40,9;206
Хлеб ржаной формовой ;6,6;1,2;34,2;181
Хлеб ржаной хрустящий ;10,4;2,3;55,8;291
Хлеб украинский подовый ;6,7;1,2;41,9;212
Хлеб украинский формовой ;6,9;1,3;38,6;200
Хлеб чёрный с луком и тимьяном ;8,6;8,8;54,3;336
Баранки сдобные ;8,3;8;59,7;349
Батон нарезной ;7,7;3;49,8;262
Бублики ;9;1,1;58;284
Булка городская ;7,8;2,5;50,5;261
Лаваш ;9,1;1,1;56;277
Плюшка московская ;7,6;8,9;55,9;336
Сайка простая ;7,8;2,4;50,3;259
Сдоба выборгская с повидлом ;6,5;4,2;57,1;293
Соломка сладкая ;9,7;6;69,2;373
Сухари сдобные ;16;1;70;335,5
Сушки простые ;10,9;1,3;68;335
Хлеб белый хрустящий ;10;7,6;62,1;369
Хлеб бородинский ;6,8;1,3;40,7;207
Хлеб докторский ;8,2;2,6;46,6;247
Хлеб Здоровье ;7,9;1,8;37,9;203
Хлеб зерновой ;8,6;1,4;43,9;228
Хлеб пшеничный из муки высшего сорта ;7,6;0,8;48,6;238
Хлеб ржаной подовый ;6,1;1,2;40,9;206
Хлеб украинский подовый ;6,7;1,2;41,9;212
Блинчики с куриным филе ;14;5;36,5;218
Блинчики с морепродуктами ;8,2;16;5,4;205
Блинчики с творогом и сметаной ;25,8;33,1;55,2;640
Блины ;5,1;3,1;34,3;186
Ватрушка с творогом ;10,6;12,3;40,1;318
Оладьи ;0,7;6,6;40;225
Пирог с мясом ;13,2;7,5;41,2;284
Пирог с повидлом ;5,3;2,1;61;284
Пирог с сыром Рикотта ;8,8;13,9;21,9;267
Пицца вегетарианская ;6,1;9,8;15,6;182,7
Пицца с королевскими креветками ;9,5;9,7;17,7;209,5
Пицца «Четыре сыра» ;9,6;10,5;18,4;218,2
Пицца Маргарита ;8,5;9,2;20,8;215,7
Пицца куриная ;10;6,5;14;165,4
Пицца с ветчиной и грибами ;9,5;8,6;15,3;182,2
Пицца с салями ;7,2;8,2;16,7;182,7
Пицца с лососем ;11;9,3;14,7;196,6
Пончики ;5,6;13;38,8;296
Сырный торт ;5;29,1;24,7;380
Чебуреки ;8,9;13,5;26,2;264
Шарлотка яблочная ;3,7;5,6;17,4;135
Вареники с картошкой ;5,9;14,1;28,6;269
Вафли с фруктовыми начинками ;3,2;2,8;80,1;350
Галеты ;9,2;10,2;68,4;415
Крекеры ;9,2;14,1;66,1;439
Печенье затяжное ;8,3;8,8;75,6;418
Печенье сахарное ;7,5;11,8;74,4;436
Печенье сдобное ;10,4;5,2;76,8;458
Пирожное бисквитное с фруктовой начинкой ;4,7;9,3;64,2;351
Пирожное заварное ;5,9;10,2;55,2;329
Пирожное песочное с фруктовой начинкой ;5,1;18,5;62,6;435
Пирожное слоеное с кремом ;5,4;38,6;46,4;555
Пирожное слоеное с фруктовой начинкой ;5,7;25,6;52,7;466
Пряники ;4,8;2,8;77,7;350
Торт бисквитный с орехово-сливочным кремом ;5,6;20;58,8;391
Торт бисквитный с фруктовой начинкой ;4,7;11,8;49,8;356
Торт бисквитный с шоколадным кремом ;4,4;12,4;53,6;335
Торт слоеный с кремом ;5;37,4;44;533
Вермишель отварная с маслом ;4,5;8,7;29,5;206
Лазанья с овощами ;11,6;11,5;13,5;212
Макароны 1-го сорта(сухие) ;10,7;1,3;68,4;335
Макароны высшего сорта (сухие) ;10,4;1,1;69,7;337
Макароны жареные ;4,2;6,4;25;176
Макароны отварные ;4,1;0,4;19;98
Макароны яичные ;11,3;2,1;68;345
Мивина - вермишель с различными вкусами (сухая) ;7,7;18,9;50;393
Орекьетти с ягнёнком ;10,8;16,3;18,7;267
Папарделли с белыми грибами ;5,1;20,6;14,9;306
Папарделли с соусом Песто и Рикоттой ;7,6;19,5;13,9;281
Пенне Алл арабиата ;4,6;3,9;26,7;160
Равиоли мясные ;12;20,9;14,5;291
Ризотто маре (с морепродуктами) ;5,1;3,8;12,1;104
Ричиоли с рикоттой ;6,7;14,8;7,8;209
Спагетти Барилла Италия (сухие) ;12;1,5;72,2;350
Спагетти Болоньезе ;7,3;7;21,3;175
Спагетти Карбонара ;11,6;20;22;311
Строзапретти с креветками ;7,1;8,7;15;169
Тальятелле Кватро формаджи («Четыре сыра») ;11,9;18,6;24,8;312
Тальятелле Сальмоне (с лососем) ;9;14,7;9,8;221
Тортелли с мраморной говядиной ;8,9;16,6;15,9;252
Тортеллини с сыром Барилла Италия (сухие) ;15;13;54,6;395
Феттучине по-сицилийски ;7,7;1;16,8;112
Воздушная кукуруза ;13;4;72;382
Горох сушеный ;20,5;2;48,6;298
Гречневая продел ;9,5;2,3;65,9;329
Гречневая ядрица ;12,6;3,3;62,1;335
Каша геркулесовая молочная ;3,2;4,3;14,2;105
Каша геркулесовая на воде ;2,9;1,4;14,8;84
Каша гречневая вязкая на воде ;3,2;0,8;17,1;90
Каша гречневая рассыпчатая ;5,9;1,6;30,6;163
Каша гречневая с грибами ;4,3;5,6;13,7;123,9
Каша манная молочная ;3;3,2;15,3;98
Каша манная на воде ;2,5;0,2;16,8;80
Каша овсяная молочная ;3,2;4,1;14,2;102
Каша овсяная на воде ;3;1,7;15;88
Каша перловая рассыпчатая ;3,1;0,4;23;106
Каша пшеничная вязкая на воде ;3,2;0,3;18,7;92
Каша пшеничная рассыпчатая ;5;0,4;27,7;137
Каша пшенная вязкая на воде ;3;0,7;17;90
Каша пшенная рассыпчатая ;4,7;1,1;26,1;135
Каша рисовая молочная ;2,5;3,1;16;97
Каша рисовая на воде ;1,5;0,1;17,4;78
Каша ячневая вязкая на воде ;2,3;0,3;15,7;76
Каша ячневая рассыпчатая ;3,4;0,4;22,1;108
Коричневый рис ;6,3;4,4;65,1;331
Крупа кукурузная ;8,3;1,2;71,6;337
Крупа манная ;10,3;1;67,7;328
Крупа перловая ;9,3;1,1;66,5;320
Нут сушеный ;20,1;4,3;46,4;309
Овсяная крупа ;11;6,1;49,7;303
Овсяные хлопья Геркулес ;11;6,2;50,1;305
Плов говяжий ;5,95;2,1;64,7;332,1
Пшено ;11,5;3,3;66,5;348
Ризотто с грибами ;2,8;11,9;12,5;192
Ризотто с морепродуктами ;5,1;3,8;12;103,8
Рис Арборио ;6,61;0,58;79,34;360
Рис дикий ;14,73;1,08;74,9;357
Рис дикий отварной ;3,99;0,94;21,34;101
Рис полированный ;7;1;71,4;330
Рис рассыпчатый ;2,4;0,2;24,9;113
Рис с яблоками ;1;0,3;14,9;68
Соя сушеная ;34,9;17,3;9,2;332
Толокно ;11,5;6;50,2;306
Фасоль вареная ;7,8;0,5;21,5;123
Фасоль сушеная ;21;2;46,6;292
Хрустящий рис ;5,9;2;78,4;362
Чечевица вареная ;7,8;0;20,1;110
Чечевица зеленая или коричневая ;28,06;0,96;57,09;338
Чечевица сушеная ;24;1,5;42,7;284
Ячневая крупа ;10;1,3;66,3;324
Базилик ;2,54;0,61;4,34;27
Баклажаны ;1,2;0,1;5,1;24
Бобы ;6;0,1;8,5;60
Брюква ;1,2;0,1;7,4;34
Горошек зеленый ;5;0,2;12,8;73
Кабачки ;0,6;0,3;4,9;23
Капуста белокочанная ;1,8;0,1;4,7;27
Капуста брокколи ;3,1;0,8;1,1;24
Капуста брюссельская ;4,8;0;5,9;43
Капуста кольраби ;2,8;0;7,9;42
Капуста краснокочанная ;0,8;0;5,2;24
Капуста пекинская ;1,2;0,2;2,2;16
Капуста цветная ;2,5;0,3;4,5;30
Картофель ;2;0,4;16,3;80
Кунжут ;19,39;48,7;12,2;561,7
Лук зеленый (перо) ;1,3;0;3,5;19
Лук порей ;2;0;6,5;33
Лук репчатый ;1,4;0;9,1;41
Морковь желтая ;1,3;0,1;6,2;50
Морковь красная ;1,3;0,1;7,2;34
Мята перечная свежая ;3,75;0,94;14,89;70
Огурцы грунтовые ;0,8;0,1;2,6;14
Огурцы парниковые ;0,7;0,1;1,9;11
Орегано ;1,5;0;5;24,8
Патиссоны ;0,6;0,1;4,1;19
Перец белый душистый ;6,09;8,69;72,12;262,64
Перец зеленый сладкий ;1,3;0;5,3;26
Перец красный сладкий ;1,3;0;5,3;27
Петрушка (зелень) ;3,7;0,4;8;49
Петрушка (корень) ;1,5;0,6;10,5;53
Ревень ;0,7;0,1;2,5;16
Редис ;1,2;0,1;3,8;21
Редька ;1,9;0,2;6,5;35
Репа ;1,5;0;5,3;27
Розмарин ;3,31;5,86;20,7;131
Розмарин свежий ;3,31;5,86;20,7;131
Салат ;1,5;0,2;2,3;17
Салат кочанный ;1,4;0,2;0,8;11
Свекла ;1,5;0,1;9,1;42
Сельдерей (зелень) ;0,75;0,14;3,65;16
Сельдерей (корень) ;1,3;0,3;6,1;32
Сельдерей свежий стебли ;0,75;0,14;3,65;16
Сладкий картофель ;2;0;13,3;61
Спаржа ;1,9;0,1;3,2;21
Тимьян сушеный измельченный ;9,11;7,43;63,94;276,18
Томаты ;1,1;0,2;3,8;23
Тыква ;1;0,1;4,4;21,4
Укроп ;2,5;0,5;4,1;31
Фасоль (стручок) ;3;0,3;3;31
Фасоль белая ;23,36;0,85;60,27;333
Фенхель ;1,24;0,2;7,29;31
Хрен ;2,5;0,4;7,6;44
Цуккини ;1,5;0,2;3;16
Черемша ;2,4;0,1;6,1;34
Чеснок ;6,5;0;5,2;46
Шпинат ;2,9;0,3;2;22
Щавель ;1,5;0;3;19
Горошек зеленый консервированный ;3,1;0,2;6,5;40
Имбирь маринованный ;1;0;4,1;35
Каперсы в соли ;2,36;0,86;4,88;23
Капуста квашеная ;1,8;0;2,2;19
Корнишоны консервированные ;0,83;0,15;6,02;27,13
Кукуруза дробленая ;2,4;0,5;14,6;72
Кукуруза целыми зернами ;2,2;0,4;11,2;58
Кукурузные зерна ;3;0,8;0;103
Морковь натуральная ;1;0,1;6,2;29
Огурцы соленые ;0,8;0,1;1,6;13
Оливки зеленые маринованные ;1,4;12,7;1,3;123
Оливки черные консервированные ;2,2;36;8,7;361
Свекла натуральная ;1,2;0;6,9;31
Томаты без кожицы ;0,5;0;2,3;11
Томаты с кожицей ;1,1;0;3,8;20
Томаты соленые ;1,1;0,1;1,6;16
Хрен консервированный ;2,5;5;5;56
Артишоки консервированные в масле ;2,2;28,3;10;268
Борщ из квашеной капусты ;2,5;5,3;8,8;93
Борщ из свежей капусты с томатами ;2,6;5,2;9,8;97
Горчица Торчин Мицна ;8,8;10;12;154
Икра из баклажанов ;1,7;13,3;5,09;148
Икра из кабачков ;2;9;8,54;122
Кетчуп ;2,1;0;14,9;90
Свекольник ;2,9;5,2;9,8;98
Сок морковный ;1,1;0,1;5,8;28
Сок свекольный ;1;0;9,9;42
Сок томатный ;1;0;3,5;19
Солянка овоще-грибная из свежей;;;;
капусты ;3,6;7;7,1;106
Солянка овощная из квашеной капусты ;3,3;10,5;6,6;134
Соус "Песто" из базилика ;5;56;3;536
Соус кубанский ;2,6;0;22,2;99
Соус соевый (восстановленный из сухого) ;2;0;1;12
Соус соевый натурально сваренный ;8,8;0;6,9;63
Соус томатный острый ;2,5;0;21,8;98
Соус яблочный ;0,4;0;19,4;77
Томат-паста ;4,8;0;19;99
Томат-пюре ;3,6;0;11,8;65
Уксус бальзамический ;0;0;7,2;14
Уксус виноградный ;0;0;5,9;14
Щи из свежей капусты ;2,6;5,3;9;94
Авокадо с креветками ;7,3;7,3;3,8;141
Бланшированные овощи ;2,4;11;4;128
Винегрет ;1,3;6;7,8;92
Голубцы в томатно-сметанном соусе ;5,3;3,3;7,3;80
Голубцы с овощами ;2;3,5;9,8;79
Запеканка из цветной капусты с мясом ;9,7;6,3;3,1;109
Кабачки жареные ;1,1;6;6,7;88
Капуста белокочанная жареная ;1,8;2,8;4,2;49
Капуста белокочанная отварная ;1,4;0,1;3,9;21
Капуста белокочанная тушеная ;2;3,3;9,6;75
Капуста цветная в омлете ;4;5,2;3,6;77
Капуста цветная отварная ;1,8;0,3;4;26
Картофель жареный ;2,8;9,5;23,4;192
Картофель отварной ;2;0,4;16,7;82
Картофель печёный ;3,2;5;11,5;107
Картофель по-итальянски ;1,7;3,9;12,7;95
Картофельное пюре ;2,2;0,8;14,3;74
Картофельные чипсы ;2,2;35,4;48,6;531
Морковь отварная ;1,2;0,1;6,1;29
Овощи на гриле ;2;2,7;3,7;47
Овощное рагу ;1;2;5,6;44
Омлет белковый с овощами ;5,8;4,7;2,8;78
Рагу из тыквы с овощами ;2,4;7,4;8,9;109
Рагу овощное в "Цептере" ;1,3;2,4;4,9;45
Салат Винегрет ;1,6;10;16;129,6
Салат Греческий ;24,3;4,6;24,3;292,2
Салат с йогуртом и кукурузой ;2,21;1,03;8,5;68,5
Свекла отварная ;1,8;0;10,8;49
Тыква жареная ;1,45;5,5;5,2;76
Фасоль тушеная с говяжьим фаршем ;6,7;3;6,1;76
Солянка овоще-грибная из свежей капусты ;3,6;7;7,1;106
Солянка овощная из квашеной капусты ;3,3;10,5;6,6;134
Шпинат жареный ;2,3;11,3;2,4;118
Абрикосы ;0,9;0,1;9;41
Авокадо ;2;15,3;4,1;169
Айва ;0,6;0,5;7,9;40
Алыча ;0,2;0;6,4;27
Ананас ;0,4;0,2;11,5;49
Апельсин ;0,9;0,2;8,1;40
Арбуз ;0,7;0,2;8,8;38
Бананы ;1,5;0,1;21;89
Брусника ;0,7;0,5;8;43
Виноград ;0,6;0,2;15;65
Вишня ;0,8;0,5;10,3;52
Голубика ;1;0;7;35
Гранат ;0,9;0;11,2;52
Грейпфрут ;0,9;0,2;6,5;35
Груша ;0,4;0,3;9,5;42
Гуава ;0,8;0,6;0;57
Дыня ;0,6;0;9,1;38
Ежевика ;2;0;4,4;31
Земляника садовая ;0,8;0,4;6,3;34
Инжир ;0,7;0,2;11,2;49
Киви ;1;0,6;4;51
Клюква ;0,5;0;3,8;26
Крыжовник ;0,7;0,2;9,1;43
Лимон ;0,9;0,1;3;33
Манго ;0,5;0,27;11,5;67
Малина ;0,8;0,3;8,3;42
Мандарин ;0,8;0,3;8,1;40
Морошка ;0,8;0;6;28
Облепиха ;0,9;2,5;5;52
Папайя ;0,6;0,1;9,2;48
Персики ;0,9;0,1;9,5;43
Рябина садовая ;1,4;0,1;8,6;46
Рябина черноплодная ;1,5;0,1;10,9;52
Слива садовая ;0,8;0;9,6;43
Смородина белая ;0,3;0;8;38
Смородина красная ;0,6;0,2;7,3;39
Смородина черная ;1;0,2;7,3;38
Терн ;1,5;0;8,3;45
Тыква ;1;0,1;4,2;25
Финики ;2,5;0;68,5;271
Хурма ;0,5;0;13,2;53
Черешня ;1,1;0,4;10,6;50
Черника ;1,1;0,6;8;44
Шелковица ;0,7;0;12;50
Шиповник свежий ;1,6;0;10;51
Яблоки ;0,2;0,36;8;37
Абрикосовый сок ;0,5;0;13,7;56
Айвовый сок ;0,5;0;10,4;45
Ананас консервированный ;0;0;15;64
Ананасовый сок ;0,4;0,1;15,7;68
Апельсиновый сок ;0,7;0;12,8;54
Виноградный сок ;0,3;0;13,8;54
Вишневый сок ;0,7;0;10,2;47
Гранатовый сок ;0,3;0;14,5;64
Грейпфрутовый сок ;0,3;0;8;36
Компот из абрикосов ;0,5;0;21;85
Компот из айвы ;0,4;0;20;79
Компот из винограда ;0,5;0;19,7;77
Компот из вишни ;0,6;0;24,5;99
Компот из груш ;0,2;0;18,2;70
Компот из мандаринов ;0,1;0;18,1;69
Компот из персиков ;0,5;0;19,9;78
Компот из слив ;0,5;0;23,9;96
Компот из черешни ;0,5;0;19,9;78
Компот из яблок ;0,2;0;22,1;85
Лимонный сок ;0,6;0;2,5;26
Мандариновый сок ;0,8;0;9;43
Персиковый сок ;0,3;0;17;66
Сливовый сок ;0,3;0;16,1;66
Сок алое ;0;0;4;32
Фреш яблочно-морковный ;0,9;0,1;8,2;36
Черноплодно-рябиновый сок ;0,1;0;7,4;32
Черносмородиновый сок ;0,5;0;7,9;40
Шиповниковый сок ;0,1;0;17,6;70
Яблочный сок ;0,5;0;9,1;38
Варенье из айвы ;0,4;0;68,7;263
Варенье из груш ;0,4;0;70,9;271
Варенье из клубники ;0,3;0;70,9;271
Варенье из малины ;0,6;0;71,2;275
Варенье из мандаринов ;0,7;0;72,3;278
Варенье из персиков ;0,5;0;64,3;248
Варенье из сливы ;0,4;0;73,4;281
Варенье из черноплодной рябины ;0,4;0;63,8;246
Варенье из яблок ;0,4;0;66,2;254
Джем из абрикосов ;0,5;0;68,8;265
Джем из мандаринов ;0,3;0;67,8;259
Джем из черной смородины ;0,6;0;68,2;265
Повидло яблочное ;0,4;0;65,3;250
Пюре яблочное ;0,6;0,1;19,2;78
Абрикосы сушеные без косточки (курага) ;5,2;0;55;234
Абрикосы сушеные с косточкой (урюк) ;5;0;53;227
Бананы сушеные ;3,9;1,8;80,5;390
Виноград сушеный (изюм) ;1,8;0;66;262
Инжир сушеный ;3,1;1,2;53,2;238
Персики сушеные (курага) ;3;0;54,5;227
Слива сушеная (чернослив) ;2,3;0;58,4;242
Финики сушеные ;2;0,5;72,3;306
Шиповник сушеный ;3,4;0;21,5;110
Яблоки сушеные ;2,28;0;60,83;259
Белые грибы ;3,7;1,7;1,1;23
Белые грибы сушеные ;20,1;4,8;7,6;152
Вешенки ;18,9;0,3;43,9;40
Грибы порчини в масле ;2,1;6,1;0,1;278
Грибы порчини сухие ;20,1;4,8;7,6;152
Грузди ;1,8;0,8;0,5;16
Лисички ;1,6;1,1;1,5;20
Маслята ;2,4;0,7;0,5;9
Опята ;2,2;1,2;0,5;17
Подберезовики ;2,3;0,9;1,4;23
Подберезовики сушеные ;23,5;9,2;14,3;231
Подосиновики ;3,3;0,5;1,2;22
Подосиновики сушеные ;35,4;5,4;12,9;239
Рыжики ;1,9;0,8;0,5;17
Сморчки ;2,9;0,4;0,2;16
Сыроежки ;1,7;0,7;1,5;15
Трюфели консервированные ;3;0,5;2;24
Шампиньоны ;4,3;1;0,1;27
Шампиньоны маринованные ;3,5;0,8;1,2;24
Арахис ;26,3;45,2;9,9;551
Каштаны жареные ;3,2;2,2;33,8;182
Кешью ;25,2;53,6;12,6;633
Кокосовый орех ;3,4;33,5;29,5;380
Миндаль ;18,6;57,7;20,5;649
Орехи грецкие ;15,6;62;18,3;700
Орехи бразильские ;14;66;12;656
Орехи кедровые ;11,57;60,98;19,3;629
Паста фисташковая ;58,8;26;11,7;680
Семечки подсолнуха жареные ;20,7;52,9;5,3;578
Семечки подсолнуха сушеные ;23;49,5;18,8;610
Семечки тыквы жареные ;29;46,7;13,1;596
Семечки тыквы сушеные ;24,5;46;17,8;580
Фисташки ;20,5;48,5;25;610
Фундук ;16,1;66,9;9,9;707
Баранина отварная ;22;17,2;0;243
Бекон английский ;8,66;57,4;0,09;556
Бефстроганов ;18;14,3;6,6;228
Биточки паровые ;14;11,6;8,2;194
Бифштекс ;28,8;11;0;214
Говядина отварная ;25,8;16,8;0;254
Говядина сырая вырезка ;20,2;2,8;0;106
Говядина тушеная ;14,3;5,3;3,3;117
Говяжья мраморная вырезка ;22;18;0;259
Гуляш ;12,3;12,2;3,9;175
Жиго ягнёнка ;9,3;15,5;2;220
Каре ягнёнка ;15,6;18;0;284
Каре ягнёнка ;11,1;17,2;0,5;241
Карпаччо из говядины ;8,8;9,2;1,1;112,9
Котлеты говяжьи ;14,6;11,8;13,6;220
Котлеты свиные ;10,6;26,8;13,6;340
Кролик жареный ;25;14,8;0;233
Кролик отварной ;24,6;11,7;0;204
Мозги говяжьи ;11,7;8,6;0;124
Мраморная телятина ;22;18;0;259
Мышечный желудок кур ;21;6,4;0,6;130
Мясо в горшочке ;1,8;0,8;8,1;47
Мясо поросят ;20,6;3;0;109
Пельмени отварные ;10;14;14,5;224
Печень говяжья ;17,9;3,7;0;105
Печень говяжья тушёная ;6,2;7,7;6,8;121
Печень кур ;20,4;5,9;1,4;140
Печень свиная ;18,8;3,8;0;109
Почки говяжьи ;15,2;2,8;0;86
Почки свиные ;15;3,6;0;92
Свинина жареная с луком ;20;24,2;6,8;306
Свинина отварная ;22,6;31,6;0;375
Свинина тушеная ;9,8;20,3;3,2;235
Свиные отбивные гриль ;15;27,2;0;305
Сердце говяжье ;16;3,5;0;96
Сердце кур ;15,8;10,3;0,8;159
Сердце свиное ;16,2;4;0;101
Студень из говяжьих ножек ;6;4;0;60
Тартар из говядины ;10,4;8,4;0,8;120,7
Телятина (щёчки) ;20,4;0,9;0;89
Телятина вырезка ;19,7;2;0;97
Телятина отварная ;30,7;0,9;0;131
Телятина с тушёным цикорием ;7,8;8,6;1,6;113
Телячьи щёчки с овощами ;8,6;5,3;6,4;112
Тендерлоин со спаржей ;10;15,7;1,9;192
Торт печеночный ;21;6,9;6;170
Филе ягнёнка с овощами ;7,1;8,9;7,7;139
Шашлык из свинины ;26,5;23,1;0;324
Шницель ;17,6;25,1;10,2;338
Шницель свиной ;18,8;32,1;9,8;404
Эскалоп ;18;32,6;0;366
Колбаса диетическая ;12,1;13,5;0;170
Колбаса для завтрака ;13;13,9;2,5;187
Колбаса докторская ;12,8;22,2;1,5;257
Колбаса любительская вареная ;12,2;28;0;301
Колбаса молочная ;11,7;22,8;0;252
Колбаса московская вареная ;11,5;21,8;2;250
Колбаса отдельная ;11;21;1,8;240
Колбаса прима ;13;19,4;0;227
Колбаса русская ;11,8;28,9;0;302
Колбаса свиная вареная ;10,2;25,1;1,9;274
Колбаса степная ;11,1;20,1;2,9;237
Колбаса столичная вареная ;15,1;28,7;0;319
Колбаса столовая ;11,1;20,2;1,9;234
Колбаса чайная ;11,7;18,4;1,9;216
Колбаса южная ;12,4;17,3;2,5;215
Мясной хлеб;;;;
ветчинный ;12,9;21,8;2;256
Мясной хлеб говяжий ;10,5;23,5;1,8;261
Мясной хлеб отдельный ;12;21;2,3;246
Мясной хлеб чайный ;10,3;20,7;2,8;239
Сардельки говяжьи ;11,4;18,2;1,5;215
Сардельки свиные ;10,1;31,6;1,9;332
Сосиски говяжьи ;10,4;20,1;0,8;226
Сосиски любительские ;9;29,5;0,7;304
Сосиски молочные ;11;23,9;1,6;266
Сосиски особые ;11,8;24,7;0;270
Сосиски русские ;11,3;22;0;243
Ветчина варено-копчёная ;22,6;20,9;0;280
Колбаса армавирская ;15,2;40,2;0;423
Колбаса закусочная ;15;33;2,3;366
Колбаса краковская ;16,2;44,6;0;466
Колбаса кубанская ;9,5;45,6;0;448
Колбаса любительская полукопченая ;17,3;39;0;420
Колбаса минская ;17,4;23;2,7;287
Колбаса московская полукопченая ;19,1;36,6;0;406
Колбаса одесская ;14,8;38,1;0;402
Колбаса полтавская ;16,4;39;0;417
Колбаса таллиннская ;17,1;33,8;0;373
Колбаса украинская ;16,5;34,4;0;376
Охотничьи колбаски ;25,7;40;0;463
Ветчина в форме ;22,6;20,9;0;279
Говядина Брезаола ;35;4;0;200
Грудинка сырокопченая ;8,9;63,3;0;605
Колбаса зернистая ;9,9;63,2;0;608
Колбаса любительская копченая ;20,9;47,8;0;514
Колбаса майкопская ;23,6;41,4;0;467
Колбаса московская копченая ;24,8;41,5;0;473
Колбаса салями ;19,3;45;1,9;485
Колбаса свиная копченая ;13;57,3;0;568
Колбаса сервелат ;24;40,5;0;461
Колбаса советская ;23;47;0;515
Колбаса столичная копченая ;24;43,4;0;487
Корейка сырокопченая ;10,5;47,4;0;469
Окорок тамбовский ;14,3;25,6;0;288
Панчетта (свиная грудинка) ;10;52,7;0;514
Прошутто ( итальянская ветчина) ;10;45;0;412
Ветчина любительская ;14,9;13,7;0;183
Ветчина особая ;17,6;6,2;0;126
Говядина тушеная консервированная ;16,8;17;0;220
Гуляш говяжий ;17,1;12;4;192
Гуляш свиной ;15;22,8;4;281
Завтрак туриста (говядина) ;20,5;10,4;0;176
Завтрак туриста (свинина) ;16,9;15,4;0;206
Мясо в белом соусе ;18;12,8;3,8;202
Паштет печеночный ;11,6;28,9;2,5;317
Свинина жирная ;8;61,3;0;584
Свинина тушеная консервированная ;14,9;32,2;0;349
Грудка утиная ;13,5;28,6;0;308
Гусь запечёный с яблоками ;29,3;20,4;6,2;325,6
Индейка ;19,5;22;0;276
Индейка жареная ;26,2;13,5;0;226
Индейка отварная ;25,3;10,4;0;195
Куриная грудка ;21,62;8,3;0;168
Куриная грудка отбивная ;30;7,8;0;197
Куриное филе ;27,29;6,71;0;177
Куриные котлеты ;18;8;15,2;206
Курица жареная ;26,3;11;0;204
Курица отварная ;25,2;7,4;0;170
Окорочка жареные ;29,4;8,6;0;195
Утка жареная ;22,6;19,5;0;266
Утка отварная ;19,7;18,8;0;248
Фуа-гра гусиная ;11,4;43,84;4,67;462
Фуа-гра утиная ;13,5;28,6;2;308
Цыплята отварные ;24,6;5;0;143
Цыплята табака ;25;21;0,2;271
Шашлык куриный с соусом типа "Французский" ;15,9;16,8;1,1;219
Меланж ;12,7;11,5;0,7;157
Омлет ;9,6;15,4;1,9;184
Сухой белок ;82,4;1,8;7,2;375
Сухой желток ;51,1;52,2;4,7;613
Яичница-глазунья ;12,9;20,9;0,9;243
Яичный белок ;10,52;0;1,03;50
Яичный желток ;16,76;30,87;1,78;358
Яичный порошок ;46;37,3;4,5;542
Яйца куриные вареные вкрутую ;12,9;11,6;0,8;160
Яйца куриные вареные всмятку ;12,8;11,6;0,8;159
Яйца куриные сырые ;12,7;11,5;0,7;157
Яйца перепелиные ;11,9;13,1;0,6;168
Анчоусы ;20;3;0;115
Горбуша ;22,9;7,8;0;168
Дорада ;19,8;1,2;0;90
Дорадо в морской соли ;18,2;1,4;0,6;89
Дорадо на гриле ;18,3;1,2;0,6;87
Зубатка ;15,5;5,8;0;114
Кальмар ;18;4,2;0;110
Камбала ;18,3;3,3;0;103
Карась ;20,7;2,1;0;102
Карп ;19,4;5,3;0;125
Краб ;16;3,6;0;96
Крабовые палочки ;17,5;2;0;88
Креветка ;18,9;2,2;0;95
Креветки Гамбас на гриле ;13;3,4;1,7;96
Креветки тигровые ;24;2;0;114
Криль ;20,6;1,7;0;98
Лангусты ;17;2;0;90
Лещ ;20,9;4,7;0;126
Лобстеры (омары) ;19;1;0;85
Лосось ;23;12;0;207
Лосось запеченый ;21;4,4;0;123,5
Макрель ;22,8;3,6;0;124
Мидии ;9,1;1,5;0;50
Минтай ;17,6;1;0;79
Морская капуста ;0,9;0,2;0;5
Морская капуста сушёная ;12;0,5;70;350
Морские гребешки ;19;0,9;3;92
Морской язык ;17,1;1,9;0;85,5
Налим ;21,4;0,7;0;92
Норвежский лосось ;15,6;9,6;1,8;160
Окунь морской ;19,9;3,6;0;112
Омары ;19;1;0;85
Осьминоги (мясо туловища) ;17,5;2;0;88
Палтус ;14;17,8;0;216
Паста Океан ;13,6;4,2;0;92
Путассу ;17,9;1;0;81
Салака ;22;7,2;0;153
Сардина ;20,1;10,8;0;178
Сёмга свежая ;21,62;5,93;0;146
Сибас ;16,5;1,5;0,6;82
Сибас в морской соли ;15,2;1,7;1,2;81
Сибасс на гриле ;15,3;1,4;1,2;79
Скумбрия ;19,6;14,7;0;211
Сом ;18,4;13,6;0;196
Ставрида ;20,6;5,6;0;133
Судак ;21,3;1,3;0;97
Треска ;17,8;0,7;0;78
Тунец ;26;1;0;116
Угорь ;14,5;30,5;0;332,5
Устрицы ;12;3;0;110
Форель в морской соли ;19;6,3;0,6;112
Форель морская ;19,94;3,45;0;148
Форель на гриле ;19,2;6,1;0,6;111
Форель речная ;20,77;6,61;0;116
Хек ;18,5;2,3;0;95
Щука ;21,3;1,3;0;97
Белуга бланшированная ;23,3;15,6;0;234
Горбуша в томатном соусе ;14,5;5,1;6,9;132
Горбуша консервированная ;20,9;5,8;0;136
Камбала в томатном соусе ;12,6;5,4;6,3;125
Камбала обжаренная в масле ;14,4;21,3;0;249
Кета ;21,5;4,8;0;129
Килька пряного посола ;14,8;10,5;0;154
Крабы ;18,7;1,1;0,1;85
Креветки ;17,8;1,1;0;81
Лещ в томатном соусе ;15,3;7,4;2,6;138
Нерка красная ;18,8;10,5;0;170
Осетр ;16,4;10,6;0,6;163
Осетр в томатном соусе ;14,7;12;3,4;181
Печень трески ;4,2;65,7;1,2;613
Сазан в томатном соусе ;12,4;8,7;4,1;145
Сайра бланшировання в масле ;18,3;23,3;0;283
Салака в томатном соусе ;17;4;3,4;118
Сардины (ломтики) в масле ;17,9;19,7;0;249
Севрюга в томатном соусе ;16,1;11,5;2,8;179
Скумбрия в масле ;13,1;25,1;0;278
Скумбрия консервированная ;16,4;21,4;0;258
Сом в томатном соусе ;12,9;6,3;4,3;126
Ставрида в томатном соусе ;14,8;2,3;7,3;110
Ставрида обжаренная в масле ;15,6;27,4;0;309
Судак в томатном соусе ;14;5,3;3,7;119
Тунец ;22,5;0,7;0;96
Тунец в масле ;22;15,9;0;231
Шпроты ;17,4;32,4;0,4;363
Щука в томатном соусе ;14,2;4;3,6;108
Бутерброд с икрой и сыром Буко ;11,8;15,3;26,3;295
Бутерброд с кетовой икрой ;13,1;9,3;35,7;278,6
Бутерброд с килькой и яйцом ;10,9;10,6;23,4;232
Бутерброд с красной икрой ;17,5;15,7;21,6;300
Горбуша соленая ;22,1;9;0;169
Икра белужья зернистая ;27,2;14,2;0;237
Икра горбуши зернистая ;31,2;11,7;0;230
Икра кеты зернистая ;31,6;13,8;0;251
Икра минтаевая пробойная ;28,4;1,9;0;131
Икра осетровая зернистая ;28,9;9,7;0;203
Икра осетровая паюсная ;36;10,2;0;236
Икра севрюжья зернистая ;28,4;11,9;0;221
Карпаччо из лосося ;11,8;7,3;0,4;119
Кета соленая ;24,3;9,6;0;184
Килька балтийская соленая ;17,1;7,6;0;137
Лосось соленый ;21;20,5;0;269
Сельдь атлантическая соленая ;17;8,5;0;145
Сельдь иваси соленая ;17,5;11,4;0;173
Семга соленая ;22,5;12,5;0;203
Тартар из лосося ;16,3;11,7;1;179
Тартар из тунца ;13,2;4,2;1,1;97,4
Треска соленая ;23,1;0,6;0;98
Тюлька соленая ;19,8;16,2;0;225
Хамса соленая ;21,2;9;0;166
Балык осетровый ;20,4;12,5;0;194
Вобла вяленая ;46,4;5,5;0;235
Вобла холодного копчения ;31,1;6,3;0;181
Камбала горячего копчения ;22;11,6;0;192
Килька горячего копчения ;21,3;8,5;0;162
Лещ вяленый ;42;5,9;0;221
Лещ горячего копчения ;32,8;4,5;0;172
Лещ холодного копчения ;29,7;4,6;0;160
Окунь морской (балычок) ;26,4;10,4;0;199
Окунь морской горячего копчения ;23,5;9;0;175
Салака горячего копчения ;25,4;5,6;0;152
Сельдь тихоокеанская жирная холодного копчения ;20,3;16;0;225
Скумбрия холодного копчения ;23,4;6,4;0;150
Снеток полесский ;46,3;8,8;0;264
Снеток псковский ;32;3,4;0;159
Ставрида холодного копчения ;17,1;2,8;0;94
Треска горячего копчения ;26;1,2;0;115
Угорь горячего копчения ;17,5;2;0;88
Угорь холодного копчения ;14,5;30,5;0;332,5
Активия йогурт натуральный ;4,5;3,5;6,3;75
Активия питьевая натуральная ;3;2,4;4,5;52
Активия питьевая с фруктами ;2,6;2;12,8;80
Актимель с фруктами ;2,65;1,5;11,5;73
Ацидофилин ;2,8;3,2;3,8;57
Галичина йогурт питьевой Лесная ягода Карпат ;3,3;2,5;15,1;96
Запеканка творожная Дольче Президент (ванильная) ;7,7;9,5;22,2;205,1
Запеканка творожная Дольче Президент с изюмом ;7,7;9,5;20,2;197,1
Кефир жирный ;2,8;3,2;4,1;56
Кефир нежирный ;3;0,05;3,8;30
Коктейль "Удовольствие" ;7,3;1,1;4,9;61
Масса творожная особая ;7,1;23;27,5;341
Молоко 6 %-ной жирности ;3;6;4,7;84
Молоко обезжиренное ;3;0,05;4,7;31
Молоко соевое ;3,8;2;1,7;40
Пахта ;3,3;1;4,7;40
Простокваша ;2,8;3,2;4,1;58
Ряженка 6 %-ной жирности ;5;6;4,1;84
Сливки 10 %-ной жирности ;3;10;4;118
Сливки 20 %-ной жирности ;2,8;20;3,7;206
Сливки 35 %-ной жирности ;2,5;35;3;337
Сливки взбитые с ванилью ;2;0;21,6;346
Сметана 10 %-ной жирности ;3;10;2,9;115
Сметана 15-%-ной жирности ;2,8;15;3;155
Сметана 20 %-ной жирности ;2,8;20;3,2;206
Сметана 25 %-ной жирности ;2,6;25;2,7;248
Сметана 30 %-ной жирности ;2,4;30;3,1;294
Сырки глазированные ;8,5;27,8;32;407
Творог 18% жирности ;14;18;2,8;232
Творог 9% жирности ;16,7;9;2;159
Творог нежирный ;18;0,6;1,8;88
Творог столовый 2% жирности ;17;2;1,5;115
Альпийский ;25;27;0;353
Аппенцеллер ;24,7;31,7;0;403
Асияго ;24;28;0;305
Бель Паезе ;28,2;32;0;373
Бри ;21;23;0;291
Брынза из коровьего молока ;17,9;20,1;0;260
Брынза из овечьего молока ;14,6;25,5;0;298
Буко ;8,7;16,5;0;197
Буррата (60% жирности) ;18;30;0;330
Вырусский ;29;15;0;258
Голландский брусковый ;26;26,8;0;352
Голландский круглый ;23,7;30,5;0;377
Горгонзола (40% жирности) ;19;26;0;310
Грюйер ;27;31;0;396
Дор Блю ;21;30;0;354
Камамбер ;21;23;0;291
Карниа Дольче Монтазио ;26;34;0;420
Костромской ;25,2;26,3;0;345
Костромской плавленый ;20,5;20;0;271
Латвийский ;23,2;24,3;0;319
Латвийский плавленый ;20,5;20;0;271
Маасдам ;23,5;26;0;350
Маскарпоне ;7,5;47;0;453
Моцарелла 30% жирности ;18;24;0;240
Моцарелла сухая тёртая ;27,5;22;0;336
Пармезан ;33;28;0;292
Пекорино в вине ;24;24;0;305
Пекорино в золе ;23,5;23,5;0;300
Пекорино романо ;23,5;30,5;0;379
Пекорино с трюфелем ;30;24;0;315
Пекорино сардо ;24;30;0;320
Плавленый Колбасный копченый ;23;19;0;270
Пошехонский ;26;26,5;0;350
Прибалтийский ;30;9;0;209
Проволоне ;24,5;31;0;325
Рикотта ;18;0,4;0;136
Рокфор ;20;28;0;337
Российский ;23;29;0;360
Российский плавленый ;22;27;0;340
Советский ;24,7;31,2;0;389
Советский плавленый ;23;22,5;0;302
Сулугуни ;19,5;22;0;285
Фета ;17;24;0;290
Фета с оливковым маслом и травами ;12,6;24,6;3,3;281,8
Чеддер ;23,5;30,5;0;379
Шавру (козий) ;19;7;1;173
Швейцарский ;24,9;31,8;0;396
Эмменталь ;28,2;28;0;373
Эстонский ;26;26,4;0;350
Ярославский ;26,8;27,3;0;361
Какао со сгущенным молоком с сахаром ;8,2;7,5;54,9;309
Какао со сгущенными сливками с сахаром ;8,2;15,5;48,3;356
Кофе со сгущенным молоком с сахаром ;8,4;8,6;53;312
Молоко сгущенное без сахара ;7;8,3;9,5;140
Молоко сгущенное с сахаром ;7,2;8,5;56;320
Молоко сгущенное с сахаром нежирное ;11;0,5;58,5;272
Молоко сухое обезжиренное ;37,9;1;49,3;350
Молоко сухое цельное ;26;25;37,5;476
Масло крестьянское несоленое ;0,8;72,5;0;661
Масло любительское несоленое ;0,7;78;0;709
Масло сливочное бутербродное ;2,5;61,5;0;566
Масло сливочное вологодское ;0,5;82,5;0;748
Масло сливочное несоленое ;0,5;82,5;0;748
Масло топленое ;0,3;98;0;887
Масло арахисовое рафинированное ;0;99,9;0;899
Масло горчичное ;0;99,8;0;898
Масло конопляное рафинированное ;0;99,85;0;899
Масло кукурузное ;0;99,9;0;899
Масло оливковое ;0;99,8;0;898
Масло оливковое рафинированное ;0;99,8;0;898
Масло подсолнечное ;0;99,9;0;899
Масло подсолнечное рафинированное ;0;99,9;0;899
Масло рапсовое рафинированное ;0;99,85;0;899
Масло соевое рафинированное ;0;99,9;0;899
Масло хлопковое рафинированное ;0;99,9;0;899
Жир бараний топленый ;0;99,7;0;897
Жир говяжий топленый ;0;99,7;0;897
Жир свиной (лярд) ;0;99,7;0;897
Жир Новинка ;0;99,7;0;897
Жир Прима ;0;99,7;0;897
Майонез домашний ;2,8;87,9;0,3;805
Майонез Провансаль ;2,4;67;3,9;627
Маргарин Молочный ;0,3;82;17,4;743
Маргарин Славянский ;0,5;82;0;745
Маргарин Сливочный ;0,3;82;21;743
Маргарин Солнечный ;0,3;72;0;653
Маргарин Экстра ;0,5;82;22,6;744
Маргарин Эра ;0,3;82;0;743
Сало растительное ;0;99,7;0;897
Сало свиное ;1,8;79;0;739
Шпик свиной без шкурки ;1,4;90;0;816
Батончики ;3,3;30,5;62,5;527
Глюкоза кристаллическая ;0;0;98,8;340
Драже ореховое ;11,9;38,3;41;552
Драже сахарное ;0;0;98;374
Драже фруктово-ягодное в шоколаде ;5,7;10,2;73,1;389
Желатин пищевой ;87,2;0,4;0,7;355
Желе фруктовое ;2,4;0,01;38,1;155,4
Зефир ;0,8;0;78,3;304
Ирис полутвердый ;3,3;7,5;81,8;395
Ирис тираженный ;3,6;7,3;83,5;400
Карамель леденцовая ;0;0,1;95,7;370
Карамель с ликерными начинками ;0;0,1;92,6;358
Карамель с молочными начинками ;0,8;1;91,2;363
Карамель с ореховыми начинками ;3,1;7,3;86,6;410
Карамель с помадными начинками ;0;0,1;94,7;366
Карамель с прохладительными начинками ;0;10;88;429
Карамель с фруктово-ягодными начинками ;0,1;0,1;92,1;357
Карамель с шоколадно-ореховыми начинками ;1,8;9,2;86,1;420
Карамель-топинг ;0,5;10;90,5;431
Конфеты молочные ;2,7;4,3;82,3;364
Конфеты помадные ;2,2;4,6;83,6;369
Конфеты фруктово-помадные ;0;0;90,6;346
Конфеты шоколадные с грильяжной начинкой ;5,3;26,9;64,4;510
Конфеты шоколадные с кремовой начинкой ;7,5;31,8;53,6;523
Конфеты шоколадные с начинкой между слоями вафель ;5,8;32;57,9;535
Конфеты шоколадные с помадной начинкой ;2,9;10,7;76,6;401
Конфеты шоколадные с пралиновой начинкой ;4,8;34,7;57,6;552
Конфеты шоколадные с фруктовой начинкой ;1,6;8,6;74,3;369
Конфеты шоколадные с шоколадно-кремовой начинкой ;4;39,5;51,3;569
Конфеты шоколадные с шоколадно-ореховой начинкой ;6,4;34,6;54,6;547
Крахмал картофельный ;0,1;0;79,6;327
Лукум сбивной ;0,8;0,7;79,4;316
Мармелад фруктово-ягодный ;0,4;0;76;293
Мед натуральный ;0,8;0;80,3;314
Мороженое молочное ;3,2;3,5;21,3;126
Мороженое молочное крем-брюле ;3,5;3,5;23,1;134
Мороженое молочное шоколадное ;4,2;3,5;23;138
Мороженое сливочное ;3,3;10;19,8;179
Мороженое сливочное крем-брюле ;3,5;10;21,6;186
Мороженое сливочное шоколадное ;3,5;10;21,5;188
Панна котта классическая ;2,7;6,7;19,4;146
Пастила ;0,5;0;80,4;310
Пломбир ;3,2;15;20,8;227
Пломбир крем-брюле ;3;15;23;235
Пломбир шоколадный ;3,6;15;22,3;236
Сахар (песок) ;0;0;99,8;379
Сахар-рафинад ;0;0;99,9;379
Халва подсолнечная ванильная ;11,6;29,7;54;523
Халва тахинная ;12,7;29,9;50,6;516
Шоколад без добавлений ;5,4;35,3;52,6;544
Шоколад в порошке ;5,2;24,3;64;487
Шоколад молочно-ореховый ;7,3;34,5;53,1;544
Шоколад молочно-сливочный ;7,6;37,2;50,8;560
Шоколад молочный ;6,9;35,7;52,4;550
Шоколад пористый молочный ;6,9;35,5;52,3;549
Шоколад с дробленым и целым орехом ;6,6;40,9;48;580
Эскимо ;3,5;20;19,6;270
Борщ летний ;1,1;2,1;6,4;49
Борщ постный ;0,7;0,7;4,1;26
Борщ с капустой и картофелем ;0,9;2,1;5,2;43
Борщ сибирский ;1,9;1,5;6,8;48
Борщ украинский ;1,1;2,2;6,7;49
Бульон говяжий ;0,6;0,2;0;4
Бульон грибной ;0,1;0;0,03;1
Бульон куриный ;0,5;0,1;0;3
Бульон рыбный ;0,4;0,04;0;2
Минестроне ;1;0,7;3,3;23
Молочная лапша ;2,2;1,4;8,4;59
Окрошка мясная (с квасом) ;2,1;1,7;6,3;52
Окрошка на кефире ;3,1;1,9;4,3;47
Рассольник домашний ;1,1;1,7;6,4;46
Рассольник ленинградский ;1,2;1,8;7,2;50
Солянка сборная мясная ;3,6;5,4;1,4;69,7
Суп картофельный ;1,1;1,1;8,5;49
Суп картофельный с бобовыми ;2,6;2,2;8,3;54
Суп картофельный с грибами ;1;1;6,7;41
Суп картофельный с крупой ;1,3;1,2;9,5;54
Суп картофельный с макаронными изделиями ;1,3;1;8,4;48
Суп крестьянский ;1;2,1;4,8;42
Суп овощной ;1,1;1,7;4,6;38
Суп овощной с фасолью ;1,6;2,1;5,2;46
Суп рисовый с мясом ;0,7;1,1;5,2;34
Суп с бобовыми ;3,4;2,2;1,4;66
Суп с макаронными изделиями ;1,4;2,1;5,9;48
Суп-пюре грибной ;2;8,2;1,3;87,7
Суп-пюре из спаржи ;5,1;16,1;5,9;196
Суп-пюре из тыквы ;1,7;8,1;4,4;99
Уха ;3,4;1;5,5;46
Щи из квашеной капусты с картофелем ;0,6;2,1;2,7;32
Щи из свежей капусты с картофелем ;1;2,1;3,8;38
Щи суточные ;0,6;2,8;1,5;34
Вода минеральная ;0;0;0;0
Вода питьевая ;0;0;0;0
Какао напитки (сухие) ;6;4,8;81,2;381
Какао порошок ;24,2;17,5;27,9;380
Капуччино ;1,4;1,6;4,7;39
Квас хлебный ;0,2;0;5;25
Кока-кола ;0;0;10,6;42
Кока-кола лайт ;0;0;0;0,2
Кофе жареный в зернах (сухой) ;13,9;14,4;2,8;202
Кофе Латте ;5,4;5,8;8,2;104
Кофе растворимый (сухой) ;15;3,6;0;95
Кофе эспрессо ;1;1,1;0,2;15
Кофейный напиток Здоровье (сухой) ;6;4,8;71,2;337
Напиток газированный (лимонад) ;0;0;7,5;31
Холодный чай Нестли ;0;0;6,8;29
Чай без сахара ;0,2;0,05;0,04;1,46
Чай черный байховый (сухой) ;20;5,1;4;146
Бренди 40% алкоголя ;0;0;0,5;225
Вермут 13% алкоголя ;0;0;15,9;158
Вино белое 10% алкоголя ;0;0;4,5;66
Вино белое сухое 12% алкоголя ;0;0;0,2;66
Вино красное 12% алкоголя ;0;0;2,3;76
Виски 40% алкоголя ;0;0;0;220
Водка 40% алкоголя ;0;0;0,1;235
Джин 40% алкоголя ;0;0;0;220
Коктейль Мохито алкогольный ;0,18;0,02;5,33;51,7
Коньяк 40% алкоголя ;0;0;0,1;239
Ликер 24% алкоголя ;0;0;53;345
Мадера 18% алкоголя ;0;0;10;139
Портвейн 20% алкоголя ;0;0;13,7;167
Пунш 26% алкоголя ;0;0;30;260
Ром 40% алкоголя ;0;0;0;220
Шампанское брют белое и красное ;0;0;1,4;70
Шампанское полусладкое белое и красное ;0,2;0;8;110
Шампанское полусухое белое и красное ;0,2;0;5;88
Шампанское сухое белое и красное ;0,3;0;2,5;78
Шерри 20% алкоголя ;0;0;10;152
Баклажаны;1;0,2;6;25
Брюква;1,1;0,2;9;38
Горошек зеленый (свежий);5;0,2;8,3;55
Дайкон;0,6;0,1;4,1;18
Кабачки;1,2;0,3;3,1;17
Картофель;2;0,1;17;77
Картофель сладкий (батат);1,6;0,1;20;86
Красный перец (чили);1,9;0,4;9;40
Лук репчатый;1,1;0,1;9;40
Маслины/оливки;0,8;11;6;115
Морковь;0,9;0,2;10;41
Огурец;0,7;0,1;3,6;16
Пастернак;1,2;0,3;18;75
Патиссон;1,2;0,2;3,8;18
Перец сладкий;0,9;0,2;4,6;20
Редис;1,2;0,1;3,4;19
Редька;0,7;0,1;3,4;16
Репа;1,5;0,1;6,2;30
Свекла;1,6;0,2;10;43
Спаржа;2,2;0,1;3,9;20
Томат;0,9;0,2;3,9;18
Топинамбур;2;0;17;73
Тыква;1;0,1;7;26
Фасоль стручковая;1,8;0,2;7;31
Хрен;1,2;0,7;11;48
Чеснок;6;0,5;33;149
Абрикосы;1,4;0,4;11;48
Авокадо;2;15;9;160
Айва;0,4;0,1;15;57
Ананас;0,5;0,1;13;50
Апельсин;0,9;0,1;12;47
Арбуз;0,6;0,2;8;30
Бананы;1,1;0,3;23;89
Виноград;0,6;0,4;17;67
Вишня;1;0,3;12;50
Гранат;1,7;1,2;19;83
Грейпфрут;0,8;0,1;11;42
Груша;0,4;0,1;15;57
Инжир;0,8;0,3;19;74
Киви;1,1;0,5;15;61
Кокос;3,3;33;15;354
Лимон;1,1;0,3;9;29
Мандарин;0,8;0,3;13;53
Персики;0,9;0,3;10;39
Слива;0,7;0,3;11;46
Хурма;0,5;0,3;15;66
Черешня;1,1;0,4;11;50
Яблоки;0,3;0,2;14;52
Базилик;3,2;0,6;2,7;22
Брокколи;2,8;0,4;7;34
Капуста белокочанная;1,3;0,1;6;25
Капуста брюссельская;3,4;0,3;9;43
Капуста краснокочанная;1,4;0,2;7;31
Капуста китайская (Пак Чой);1,5;0,2;2,2;13
Капуста цветная;1,9;0,3;5;25
Кинза (кореандр);2,1;0,5;3,7;23
Кольраби;1,7;0,1;6;27
Лук зеленый;1,3;0,1;3,2;20
Лук порей;1,5;0,3;14;61
Майоран;13;7;61;272
Мангольд (свекла листовая);1,8;0,2;3,7;19
Мята;3,8;0,9;15;70
Петрушка;3;0,8;6;36
Ревень;0,9;0,2;4,5;21
Руккола;2,6;0,7;3,7;25
Салат латук;1,4;0,2;2,9;15
Салат ромэн (римский);1,2;0,3;3,3;17
Чабер;7;6;69;272
Черемша;2,4;0,1;6,5;35
Шпинат;2,9;0,4;3,6;23
Щавель;1,5;0,3;2,9;19
Укроп;16;15;55;305
Алыча;0,2;0;6,9;27
Брусника;0,7;0,5;8,2;46
Бузина;0,7;0,5;18;73
Голубика;1;0;8,2;35
Ежевика;1,4;0,5;10;43
Жимолость;0;0;7,8;30
Земляника;0,7;0,3;8;33
Ирга;0;0;12;45
Калина;0;0;7;26
Кизил;1;0;10,5;44
Клубника;0,7;0,3;8;33
Клюква;0,4;0,1;12;46
Крыжовник;0,7;0,2;12;43
Малина;1,2;0,7;12;53
Можжевельник;0;0;31;116
Морошка;2,4;0,8;9;51
Облепиха;1,2;5,4;5,7;82
Рябина красная;1,4;0,2;8,2;50
Рябина черноплодная;1,5;0,2;10,9;55
Смородина белая;0,5;0,2;8;42
Смородина красная;0,6;0,2;7,7;43
Смородина черная;1;0,4;7,3;44
Терн;1,5;0,3;9,4;54
Физалис;1;1;3,9;32
Черника;1,1;0,4;7,6;44
Шелковица;1,4;0,4;10;43
Белый (боровик);3,7;1,7;1,1;34
Вешенка;2,5;0,3;6,5;38
Волнушка;2,5;0,5;1,7;22
Груздь;1,8;0,5;0,8;16
Лисички;1,5;0,5;7;38
Маслята;2,4;0,7;1,7;19
Моховик;1,7;0,7;1,5;19
Опята;2,2;1,2;0,5;17
Подберезовик;2,3;0,9;3,7;31
Подосиновик;3,3;0,5;3,7;22
Рыжики;1,9;0,8;2,7;17
Сыроежка;1,7;0,7;1,5;15
Трюфель;5,9;0,5;5,3;51
Шампиньоны;4,3;1;0,1;27
Шиитаке;2,2;0,5;7;34
Баранина;25;21;0;294
Говядина;26;15;0;250
Говяжий язык;15;16;3,7;224
Говяжьи почки;15,2;2,8;0;86
Говяжья печень;20;3,1;4;125
Гусь;15,2;39;0;412
Индейка;20;8;0,5;161
Конина;28;6;0;175
Кролик;21;8;0;156
Куриная грудка;31;3,6;0;165
Куриная печень;19,1;6,3;0,6;136
Куриные желудки;18,2;4,2;0,6;114
Куриные окорочка;19;15;0,2;215
Куриные сердечки;15,8;10,3;0,8;159
Перепелка;21,8;4,5;0;134
Рябчик;18;20;0,5;254
Свинина;16;21,6;0;259
Телятина;24;8;0;172
Утка;19;28;0;337
Акула;21;4,5;0;130
Амур;18,6;5,3;0;134
Анчоусы;20,1;6,1;0;135
Аргентина;17,6;2;0;88
Белоглазка;17,5;2;0;88
Белуга;21;0,7;0;147
Вобла;18;2,8;0;97
Горбуша;20,5;6,5;0;142
Дорадо;18;3;0;96
Ерш;17,5;2;0;88
Жерех;18,8;2,6;0;98
Зубатка;16;5;0;109
Камбала;16,5;1,8;0;83
Карась;17,7;1,8;0;87
Карп;16;5,3;0;112
Кета;22;5,6;0;138
Кефаль;21;0,4;0;124
Кижуч;24;8;0;178
Килька;17,1;7,6;0;137
Корюшка;15,4;4,5;0;102
Лещ;17,1;4,1;0;105
Линь;7;1,8;0;40
Макрурус;13,2;0,8;0;60
Минтай;23;1,2;0;111
Мойва;13,4;11,5;0;157
Навага;16,1;1;0;73
Нототения;15,7;9,5;0;148
Окунь;25;1,2;0;117
Осетр;21;5;0;135
Пикша;20;0,6;0;90
Путассу;16,1;0,9;0;72
Ряпушка;17,5;2;0;88
Сазан;18,2;2,7;0;97
Сайра;19;0,7;0;88
Сардина;25;11;0;208
Сельдь;16,3;10,7;0;161
Семга;20;13;0;208
Сибас;18;3;0;99
Сиг;19;7,5;0;144
Скат;24;1,6;0;110
Скумбрия;24;18;0;262
Сом;16,8;8,5;0;143
Ставрида;19;5;0;119
Стерлядь;17;6,1;0;122
Судак;21,3;1,3;0;97
Тилапия;26;2,7;0;129
Треска;17,7;0,7;0;78
Тунец;29;0,6;0;130
Форель;27;8;0;190
Хек;16,6;2,2;0;86
Икра красная;31,5;13,2;1;249
Икра черная;24,6;17,9;4;264
Кальмар;19;2,5;1,8;98
Краб;18;0,7;0;83
Креветки королевские;18,3;1,2;0,8;87
Креветки тигровые;19,2;0,6;0;89
Лангуст;26;1,9;3,1;147
Лобстер (омар);19;0,9;0;89
Мидии;11,5;2;3,3;77
Морской гребешок;21;0,8;5;111
Осьминог;18,2;0;0;73
Рак речной;18;1,3;0;87
Трепанг (морской огурец);13;0,4;0;56
Устрицы;9;13;12;199
Вареная;12,8;22,2;1,5;257
Копченая;16,9;39,6;2;427
Кровяная;15;35;1,3;379
Ливерная;12;25;6;305
Полукопченая;15,6;38,8;0,9;410
Сервелат;18,9;37;1;416
Анчоусы атлантические;20,1;6,1;0;135
Баранина тушеная;17,4;13,4;0,2;191
Белуга консервированная;23,3;15,6;0;234
Бычки в томатном соусе;12,8;8,1;5,2;145
Говядина тушеная;16,8;17;0,2;220
Горбуша в собственном соку;20,7;6,8;0;147
Горбуша в томатном соусе;15,7;4,7;3,6;122
Камбала в масле;14,4;21,8;0;254
Камбала в томатном соусе;12,6;5,4;6,3;125
Карась в томатном соусе;17;5;5;131
Карп в томатном соусе;12,7;7,8;5;141
Кета в масле;17,7;19,5;1,1;245
Кета в томатном соусе;19,7;8,2;4,1;168
Кижуч;12,6;6,5;3,8;122
Килька в масле;7,2;12,6;4,9;160
Килька в томатном соусе;14,8;8,9;3;154
Конина тушеная;18,7;8,4;0;150
Краб консервированный;18,7;1,1;0,1;85
Карась в томатном соусе;17;5;5;131
Креветки консервированные;17,8;1,1;0;81
Лещ в томатном соусе;15,3;5,1;4;124
Оленина тушеная;19,3;10,4;0;171
Осетр в масле;14;13;2,8;184
Осетр в томатном соусе;14,4;11,8;3,3;164
Паштет мясной;15;11;0;170
Паштет печеночный;10,6;9,1;5;143
Сайра в масле;17,9;20,6;0,4;256
Сайра в томатном соусе;20;12;0;204
Сардины в масле;24,1;13,9;0;221
Сардины в томатном соусе;17;9,9;1,4;162
Свинина тушеная;14,9;32,2;0,2;349
Сельдь в масле;16,4;26,5;0;301
Сельдь в томатном соусе;13,8;9,7;4,6;159
Семга в масле;22,5;22;0;203
Скумбрия в масле;14,4;28,9;0;318
Скумбрия в томатном соусе;17;9,3;3,1;164
Ставрида в масле;15,6;27,4;0;309
Ставрида в томатном соусе;14,8;2,3;7,3;110
Судак в томатном соусе;14;5,3;3,1;119
Треска в масле;17,2;11,5;0;172
Тунец в собственном соку;21;1,2;0;96
Шпроты в масле;17,4;32,4;0;363
Шпроты в томатном соусе;15,9;10,8;3;171
Щука в томатном соусе;14,2;4;3,6;108
Язь в томатном соусе;12,9;6,3;5,3;128
Баранки;16;1;70;336
Беляш;11,1;9,9;22,7;224
Блины;5,4;6,6;29,3;197
Ватрушка с творогом;10;12,1;46,1;331
Вареники с картофелем;4,4;3,7;18,5;125
Вареники с картофелем и грибами;6;3,6;32;184
Вареники с творогом;12;4,2;17;154
Галеты;9,7;10,2;65,6;393
Крекеры;7;26;61;504
Кулебяка с капустой;4,9;5,6;25,1;169
Кулебяка с мясом;14,4;10,8;26,5;256
Кулебяка с рыбой;13,1;10,3;19,3;223
Лаваш;9,1;1,2;53,5;275
Макароны гречневые;14,1;1;70,9;350
Макароны кукурузные;2,2;1,1;77,5;346
Макароны пшеничные;11,3;2,1;55,8;287
Макароны рисовые;0,9;0,2;25;109
Макароны яичные;11,5;1,8;69,5;343
Манты с мясом;10,6;9,8;21,6;230
Манты с овощами;4,7;1,8;30,6;149
Мука гречневая;13,6;1,2;73,7;367
Мука гороховая;21;2;49;298
Мука кукурузная;7;1,8;79;370
Мука льняная;36;10;9;270
Мука миндальная;25,8;54,5;13;602
Мука нутовая;22;7;58;387
Мука овсяная;13;6,8;64,9;369
Мука пшеничная;10;1;76;364
Мука ржаная;11;1,5;75;349
Мука рисовая;6;1,4;80;366
Мука соевая;45,2;11,4;22,2;385
Мука цельнозерновая;13;2,5;72;340
Мука ячменная;10;1,6;56,1;284
Оладьи;6,6;5,9;31,8;206
Пельмени;11,9;12,4;29;275
Пирог с овощами;4,1;6,3;9,5;111
Пирог с мясом;15,8;12,2;11,4;220
Пирог с рыбой;13,1;10,3;19,3;223
Пирог с ягодами и фруктами;2,9;1,9;22,4;114
Пицца;11;10;33;266
Пончик;2;25;51;452
Пряник;4,8;2,8;77,7;336
Сдоба;8,1;5,3;54,9;301
Соломка;9,4;4,5;67;347
Сочень с вишней;4,9;20,3;55,4;422
Сочень с творогом;9,4;8,2;35,9;255
Сухари;10;10;74;426
Сушки;10;1,3;64;310
Тесто бисквитное;7;4,3;58;297
Тесто дрожжевое;5,3;12,1;41;292
Тесто заварное;6,8;14,3;14,6;215
Тесто пресное;9;3;40,6;225
Тесто сдобное;6,7;11,2;50,1;326
Тесто слоеное;7;39;46;558
Тесто песочное (сахарное);4;19;61;426
Хачапури с мясом;12,5;22,5;34,7;390
Хачапури с сыром;9,2;25,8;1,3;280
Хлеб пшеничный;8,1;1;48,8;242
Хлеб ржаной;13;3;40;250
Чебурек с мясом;8,5;14,2;22,9;246
Чебурек с сыром;11,5;15,9;19,5;280
Булгур;12;1,3;76;342
Горох;5;0,4;14;81
Гречка;13;3,4;72;343
Киноа (рисовая лебеда);14,1;6,1;64,2;368
Кус-кус;9,1;2,3;57,5;289
Манка;13;1,1;73;360
Нут (турецкий горох);19;6;61;364
Овсяная крупа;12,3;6,1;59,5;342
Отруби пшеничные;14,7;4,1;20,6;180
Отруби ржаные;11,2;3,2;32;221
Перловая крупа;9,3;1,1;73,7;320
Пророщенная пшеница;7,5;1,3;41,4;198
Пшеничная крупа;11,5;1,3;62;316
Рис длиннозерный;7,1;0,7;78;365
Рис круглозерный;0,1;0,4;79;350
Саго;1;0,7;85;350
Ячменная крупа;10;1,3;71,7;324
Айран;1,1;1,5;1,4;24
Ацидофилин;2,9;3,2;3,8;59
Йогурт;10;0,4;3,6;59
Кефир;2,8;2,5;3,9;50
Кумыс;2,1;1,9;5;50
Простокваша;2,9;2,5;4,1;53
Растительное масло;0;100;0;884
Ряженка;2,9;3,2;4,1;57
Сгущенное молоко;8;9;54;321
Сливки;3;10;4;118
Сливочное масло;0,5;82,5;0,8;746
Сметана;2,6;15;3;158
Сыр;25;33;1,3;402
Творог;17,2;5;1,8;121
Яйца куриные;12,7;10,9;0,7;157
Яйца перепелиные;13;11;0,4;158
Арахисовая паста;25;50;20;588
Безе (меренга);3,5;0;68,4;270
Бисквит;7;4,3;58;297
Варенье;0,4;0,3;68,2;254
Вафли;8;14;33;291
Воздушная кукуруза;9,4;3,3;76,5;354
Воздушный рис;6;0,5;90;402
Ганаш;4,9;34,5;52,5;542
Гематоген;6;3;75,7;354
Грильяж;11;26;63;482
Желе;1,2;0;14;62
Зефир;0,8;0;78,5;304
Ирис;1,1;33;65;560
Карамель;4,6;8;77;382
Кекс;2,9;9;62;324
Козинак арахисовый;14,3;25,1;52,5;485
Козинак подсолнечный;14,8;42,6;34,5;576
Круассан;8;21;46;406
Кукурузные палочки;6;37;53;563
Леденцы;0;0,1;97,5;377
Макаронс (макаруны);3,6;13;72;404
Мармелад;0,3;0;66;246
Марципан;6,8;21,2;65,3;479
Маффин;4,5;16;54;377
Мед;0,3;0;82;304
Мороженое;3,5;11;24;207
Мусс;7;16;16;225
Пастила;0,5;0;80;324
Пахлава;6,9;30,2;39,2;448
Печенье;6;24;65;502
Попкорн;11;4,3;74;375
Пралине;3,3;26;60;485
Пряник;4,8;4,7;68,4;346
Птичье молоко;5,8;12,8;23;230
Пудинг;2;3,2;20;120
Рахат-лукум;0,8;0,7;79,4;316
Суфле;8;13;6;169
Сырок глазированный;8,5;27,8;32;407
Трюфели;6;34;45;510
Фрукты консервированные;0,6;0,4;16,7;69
Халва;12;22;60;469
Цукаты;3;0;54,5;216
Чак-чак;8,6;1,9;77,9;363
Шоколад;4,9;31;61;546
Шоколадные конфеты;4;39,5;54,2;569
Щербет;7,3;14,7;66,2;417
Эклер;2;16;24;262
Ананас;1;0;66;268
Арахис;26;49;16;567
Бананы;3,9;1,8;80,5;390
Бразильский орех;14;66;12;656
Грецкий орех;15;65;14;654
Груши;2,3;0,6;62,6;249
Дыня;0,7;0,1;82,2;341
Изюм;3,1;0,5;79;299
Инжир;3,1;0,8;57,9;257
Каштан;2;1,4;28;131
Кедровые орехи;14;68;13;673
Кешью;18;44;30;553
Кокос;6,6;64,5;23,7;660
Кумкват;3,8;0;80,1;284
Курага;3,4;0,5;63;241
Манго;1,5;0,8;81,6;314
Миндаль;21;49;22;576
Папайа;0;0;81,7;327
Пекан;9;72;14;690
Персики;3;0,4;57,7;254
Финики;2,5;0,5;69,2;274
Фисташки;20;45;28;562
Фундук;15;61;17;628
Хурма;0,5;0,2;25;93
Чернослив;2,2;0,4;64;240
Яблоки;2,2;0,1;59;231
Аджика;1;3,7;5,8;59
Айоли;2;86,5;0,8;791
Аллеманд;4,6;29,1;3,5;290
Арахисовый соус;10,5;28,4;8,5;223
Барбекю-соус;0,8;0,6;41;172
Беарнский соус;3;0,6;34,1;321
Белый соус;1;3,8;4,1;56
Болоньезе;10,3;13,9;1,7;183
Винегретная заправка;0;50;2,5;449
Вустерский соус;0;0;19;78
Гарум;3,4;0;21,3;121
Голландский соус;2,4;10;4;114
Горчица;4,4;4;5;66
Грибной соус;1,2;4,8;6,2;82
Демиглас;1;3;5;51
Дижонский соус;5,7;63,6;1,1;599
Зеленый соус;0;0;6;25
Итальянская салатная заправка;0,4;21;12;240
Кетчуп;1,3;0,2;26;112
Коричневый соус;0,7;9,1;3,3;98
Майонез;1;75;0,6;680
Муждей;2,2;13,2;4,7;148
Мятный соус;3,1;0,3;10,8;56
Песто;9,4;55,4;6,4;562
Релиш;2;19;2;104
Ремулад;0,2;9;1,1;89
Рыбный соус;5;0;3,6;35
Сальса;1,2;9,8;4;109
Сацебели;1,5;0,2;10,9;68
Сливочный соус;5,5;39,3;14,4;434
Соевый соус;8;0,6;4,9;53
Субиз;7,6;29,5;26,1;393
Сырный соус;2,5;36,4;5,8;355
Табаско;0,8;1;1,7;12
Тартар;1;17;13;211
Терияки;6;0;16;89
Ткемали;5;40;10;417
Тысяча островов;1,1;35;15;370
Харисса;2;1,5;8;50
Хойсин;3,3;3,4;44;220
Хрен (соус);0,9;4,6;5,1;64
Цацики;2,6;3,3;4;57
Чатни;0,2;0,1;48,8;199
Чесночный соус;1,6;32,2;9,1;335
Чили-соус;2,5;0,3;30,1;120
Чимичурри;1,3;12,6;7,3;148
Шорон;5,3;40,7;4,3;408
Борщ;5;4;5;95
Гаспачо;2,9;0,1;1,8;19
Гороховый суп;3,2;1,1;10;61
Гречневый суп;0,5;2;3,7;34
Грибовница;1,4;3,6;6,6;62
Гуляш (суп);10,1;7,4;2,6;116
Куриный суп;3,1;0,2;2,5;24
Лагман;4,9;6,9;3,3;93
Луковый суп;1,5;0,7;3,3;23
Манчиза;3;2,1;6,8;57
Морковный суп;0,4;0,2;2,9;14
Окрошка на квасе;3,6;4,5;5,5;79
Окрошка на кефире;3,1;1,9;4,3;47
Рассольник;3,9;1,3;2,7;37
Солянка;2,9;2,9;2,4;47
Суп с фрикадельками;2,3;2;5,2;47
Сырный суп;2,3;3,5;3,2;52
Томатный суп;0,8;0,3;7;30
Тыквенный суп;2,3;3,3;7,7;62
Фасолевый суп;3;1,1;3,6;36
Харчо;2,9;0,8;3,1;31
Чечевичный суп;3,7;1,1;8;56
Чихиртма;11,1;4,9;8,8;122
Шурпа;2,2;2,4;3,7;44
Щи;2,6;2,3;2,7;42
Уха;3,4;1;5,5;46
Баранина;17,4;13,9;0;196
Бефстроганов;5;4,6;9;98
Буженина;17,6;20,5;1,2;257
Говядина;16,8;18,3;0;232
Голубцы;6,3;6,8;5,4;109
Жюльен с курицей и грибами;11;8,6;2,7;133
Запеканка творожная;14,2;10,3;11,6;197
Запеченые овощи;0,9;1,1;5;33
Зразы мясные;12,3;18,3;6,6;241
Индейка;13,8;6,3;1,6;118
Капоната;1,5;9;6;110
Котлеты мясные;15,2;17,9;12,5;253
Котлеты овощные;3;6,4;15,1;128
Котлеты рыбные;15,5;3;4;104
Курица вареная/на пару;25,2;7,4;0;170
Курица жареная;26;12;0;210
Курица запеченная;15,8;14,6;0;195
Лазанья;7;4,9;15;135
Оссобуко (оссо буко);21,9;3,1;3,1;138
Паста Болоньезе;9,5;8,1;19,1;191
Паста Карбонара;12,9;20,2;37,5;386
Пельмени;10,6;13,4;17,6;232
Печеночные оладьи;15,2;11,2;7;189
Плов;10;1,4;76;359
Пюре картофельное;1,7;2,8;15;88
Рагу овощное;0,7;0,3;4,8;25
Рататуй;0,9;1,6;5;38
Ризотто;3,5;1,5;10,1;68
Ростбиф;29;6;0;170
Рыба запеченная;16,5;3,9;1,7;98
Рыба жареная;11,9;8;3;130
Свинина;9,8;20,3;3,2;235
Тефтели;21;9;8;197
Утка;18,4;20,6;2,1;245
Фаршированные перцы;9,6;10,3;5,9;154
Цыпленок табака;18,4;15,8;1;217
Чахохбили из курицы;7,5;6,4;3,8;101
Венский;10,2;27,5;2,5;299
Винегрет;1,4;10;9,1;131
Витаминный;1,5;4,4;4,6;64
Гранатовый браслет;5,9;4,3;8,5;95
Греческий;2,5;6,4;4,1;88
Грибной;3,2;13,9;4,4;156
Зимний;4,6;12,7;5,3;154
Из капусты;1,5;1,7;7,2;50
Из морской капусты;2,9;7,4;6,6;106
Квашеная капуста;0,9;0,1;4,3;19
Крабовые палочки;8;0,5;15;95
Летний;1;2,7;3,6;43
Мимоза;5,7;14,8;7,2;183
Морковь по-корейски;1,1;8,2;10,7;121
Московский;5,3;20,2;6,1;227
Мясной;8,8;16,7;5;214
Находка;3,4;21;4,6;223
Огуречный;4,9;3,8;2,4;65
Оливье;6,5;3;5,7;77
Селедка под шубой;7,3;11,5;6,8;159
Столичный;7,6;18,8;6,4;217
Татьянин день;4;125;2,8;161
Универсал;1;5,5;0,2;27
Фантазия;5,6;11,3;8,6;157
Фруктовый;0,5;0;13;50
Фунчоза;0,2;3,5;6,4;82
Цезарь;3,2;2,1;4,3;44
Яичный;7,3;19,5;2,6;214
Булгур;3,1;0,2;14,1;83
Галушки;9;3;40,9;226
Гороховая каша;6,2;0,6;16;89
Гречневая каша;4;0,8;20;97
Кабачок жареный;1,1;6;6,7;88
Кабачок запеченный;0,6;0,3;4,1;24
Капуста тушеная;2,7;1,5;3,7;38
Кукурузная каша (мамалыга);2,1;2,3;28,4;141
Манная каша;13;1,1;73;360
Овощное рагу;0,7;0,3;4,8;25
Овсяная каша;2,4;1,4;12;68
Отруби;17;7;66;246
Перловая каша;3,1;0,4;22,2;109
Пророщенная пшеница;7,5;1,3;41,4;198
Пшенная каша;3;0,7;17;90
Пюре картофельное;2,3;2,6;14,9;89
Рисовая каша;1,5;0,1;17,4;78
Стручковая фасоль;1,3;3,1;3,7;47
Фасоль;7,8;0,5;21,5;123
Чечевица;7,8;0;20,1;112
Ячневая каша;2,3;0,3;15,7;76
Бланманже;9,1;4,1;15,5;133
Брауни;6;29;50;466
Гранита (фруктовый лед);0;0,2;19;79
Клафути;5,5;9;20,3;185
Моти (вагаси);2,3;4;46,1;227
Панна Кота;4,2;6,2;28,9;188
Тирамису;6,3;18,4;25,4;301
Торт бисквитный;5,6;11,8;58,8;349
Торт Графские развалины;4,6;16,2;38,2;318
Торт Красный бархат;4,2;21,8;36,9;358
Торт медовик;6;29;48,9;478
Торт муссовый;5,7;26,4;18,2;335
Торт Наполеон;5,1;11,2;31,9;248
Торт Павлова;3,1;10,8;31,2;235
Трайфл;4,1;14,2;23,4;238
Трес лечес (три молока);5,7;9,2;35,2;244
Флан;4,5;4;23;146
Чизкейк;6;23;26;321
Штрудель;5;11;50;318
Горячий шоколад;3,5;8,6;15,6;149
Какао;2;2,3;11;77
Квас;0,2;0;5,2;27
Компот;0,8;0;14,2;60
Кофе;0,1;0;0;0
Лимонад;0,1;0;10;40
Минеральная вода;0;0;0;0
Молочный коктейль;3,9;3;18;112
Морс;0;0;6,9;28
Овощной сок;0;0;7;29
Пиво безалкогольное;0,2;0,1;8;37
Протеиновый коктейль;35,2;3,9;14,7;232
Тоник;0;0;9;34
Узвар;0,4;0;9,6;39
Фруктовый смузи;0,9;0,3;21;89
Фруктовый сок;0,3;0;11,6;47
Цикорий;1,7;0,3;4,7;23
Чай;0,1;0;0,2;1
Энергетический напиток;0;0;11;42
Абсент;0;0;0;295
Бренди;0;0;0,5;225
Вермут;0;0;14,7;148
Вино белое;0,1;0;2,6;82
Вино красное;0,1;0;2,6;85
Виски;0;0;0,1;250
Водка;0;0;0;231
Джин;0;0;0;263
Кальвадос;0,2;0,1;0,3;256
Коньяк;0;0;0,1;239
Ликер;8;16;21;327
Пиво;0,5;0;3,6;43
Портвейн;0,4;0;12;163
Пунш;0;0;30;260
Ром;0;0;0;231
Саке;0,5;0;5;134
Самбука;0;0;38,2;251
Текила;1,4;0,3;24;231
Херес;0;0;2;131
Шампанское;0,2;0;5;88
Шнапс;0;0;4;200
